positive_data\1705479228.0372431.jpg 1 533 339 59 62
positive_data\1705479235.0825806.jpg 2 563 347 66 57 669 349 67 54
positive_data\1705479242.0059075.jpg 2 492 148 77 55 373 264 75 60
positive_data\1705479248.352393.jpg 1 524 220 75 51
positive_data\1705479254.3494408.jpg 1 529 166 70 59
positive_data\1705479260.6871374.jpg 1 834 121 68 56
positive_data\1705479269.1968896.jpg 2 300 376 71 59 540 517 83 52
positive_data\1705479276.1900015.jpg 1 492 230 81 60
positive_data\1705479349.0261543.jpg 1 701 258 79 68
positive_data\1705479383.3147714.jpg 1 514 391 82 69
positive_data\1705479396.378711.jpg 2 285 348 91 71 496 323 88 67
positive_data\1705479401.8877115.jpg 2 366 213 77 70 490 314 74 61
positive_data\1705479407.6738577.jpg 2 443 250 72 69 595 367 80 69
positive_data\1705479416.8662772.jpg 2 449 218 81 72 371 301 92 70
positive_data\1705479421.8569024.jpg 2 673 220 81 72 533 210 79 83
positive_data\1705479428.9911675.jpg 1 553 202 75 58
positive_data\1705479434.6980522.jpg 2 395 275 74 65 848 341 72 52
positive_data\1705479442.141491.jpg 2 415 471 63 64 471 515 62 61
positive_data\1705479447.0987113.jpg 2 791 320 79 60 840 282 86 56
positive_data\1705479452.775622.jpg 2 542 350 77 62 632 412 81 66
positive_data\1705479458.1488628.jpg 1 707 393 77 61
positive_data\1705479464.2338297.jpg 2 537 175 83 72 679 124 87 72
positive_data\1705479469.6800628.jpg 2 464 177 76 75 728 287 69 53
positive_data\1705479474.8008676.jpg 1 1123 363 70 57
positive_data\1705479480.32362.jpg 1 543 217 72 69
positive_data\1705479485.4657393.jpg 2 659 392 80 64 718 345 71 68
positive_data\1705479492.4983225.jpg 1 465 223 66 67
positive_data\1705479497.9373865.jpg 1 487 230 74 61
positive_data\1705479503.5014653.jpg 1 527 400 66 69
positive_data\1705479520.0107195.jpg 2 819 257 75 62 500 434 78 66
positive_data\1705479525.1016097.jpg 1 522 300 78 59
positive_data\1705479530.192854.jpg 2 529 91 80 59 464 402 75 62
positive_data\1705479534.8083866.jpg 2 254 353 92 64 387 410 78 70
positive_data\1705479539.1246932.jpg 2 593 168 83 72 615 233 79 75
positive_data\1705479544.173529.jpg 2 783 254 78 69 571 96 84 71
positive_data\1705479548.8018312.jpg 2 499 227 75 58 562 267 62 61
positive_data\1705479553.6562152.jpg 2 508 387 68 65 717 376 73 78
positive_data\1705479558.0862045.jpg 2 427 206 76 59 710 388 75 61
positive_data\1705479571.0378165.jpg 2 423 428 74 52 712 600 65 70
positive_data\1705479578.3615537.jpg 2 623 285 77 56 729 353 80 65
positive_data\1705479584.7994542.jpg 2 315 280 85 64 375 244 79 65
positive_data\1705479589.923488.jpg 1 588 365 78 61
positive_data\1705479593.8494225.jpg 2 334 330 83 60 545 274 74 66
positive_data\1705479599.489698.jpg 1 528 218 69 53
positive_data\1705479605.2273216.jpg 2 448 237 78 69 620 180 83 70
positive_data\1705479610.2497523.jpg 1 606 395 81 57
positive_data\1705479615.7162297.jpg 2 682 303 78 65 732 265 85 61
positive_data\1705479620.714747.jpg 1 511 213 88 61
positive_data\1705479625.8017557.jpg 2 414 389 75 52 592 419 77 76
positive_data\1705479632.3147242.jpg 2 557 257 68 63 660 258 73 66
positive_data\1705479636.733837.jpg 1 765 287 75 59
positive_data\1705479643.5416114.jpg 2 543 389 75 63 719 303 77 73
positive_data\1705479649.3663816.jpg 2 650 134 75 64 702 180 74 62
positive_data\1705479654.3379877.jpg 1 674 238 77 68
positive_data\1705479661.6016607.jpg 2 478 64 81 66 375 421 89 79
positive_data\1705479667.120156.jpg 1 526 326 77 64
positive_data\1705479672.6289368.jpg 1 479 364 73 61
positive_data\1705479676.269623.jpg 1 646 403 77 68
positive_data\1705479680.4026213.jpg 1 442 274 72 63
positive_data\1705479684.3335044.jpg 1 465 215 80 58
positive_data\1705479690.770409.jpg 1 515 204 54 56
positive_data\1705479696.7324092.jpg 1 711 252 70 63
positive_data\1705479707.551865.jpg 1 504 253 79 70
positive_data\1705479711.4625797.jpg 1 380 256 72 62
positive_data\1705479717.1706378.jpg 1 415 196 71 57
positive_data\1705479928.4505599.jpg 2 672 187 71 63 835 405 65 69
positive_data\1705479934.0074437.jpg 1 520 209 73 54
positive_data\1705479938.2372997.jpg 1 597 252 74 66
positive_data\1705479942.1928985.jpg 1 573 248 79 59
positive_data\1705479947.7514694.jpg 2 534 364 76 67 476 324 88 69
positive_data\1705479952.6174939.jpg 0
positive_data\1705479957.9694004.jpg 2 535 192 83 65 350 330 90 65
positive_data\1705479963.001485.jpg 2 677 245 84 63 606 425 77 72
positive_data\1705479968.003045.jpg 1 536 216 78 62
positive_data\1705479972.5392435.jpg 2 509 203 72 62 488 347 80 62
positive_data\1705479977.5661254.jpg 2 377 405 80 67 423 364 83 68
positive_data\1705479981.6077528.jpg 1 451 201 76 70
positive_data\1705479985.4398715.jpg 1 410 273 71 60
positive_data\1705479990.15077.jpg 2 63 321 75 51 908 410 75 70
positive_data\1705479995.174752.jpg 1 765 413 77 75
positive_data\1705479999.309632.jpg 2 611 145 80 53 564 349 72 71
positive_data\1705480002.9050813.jpg 1 633 340 71 61
positive_data\1705480006.5155685.jpg 2 525 209 77 66 583 247 70 69
positive_data\1705480009.989934.jpg 2 424 257 70 55 510 255 74 70
positive_data\1705480013.5351477.jpg 2 519 157 66 56 734 374 65 76
positive_data\1705480017.2806919.jpg 2 560 317 72 61 415 338 83 65
positive_data\1705480020.7449133.jpg 2 440 178 78 62 585 226 72 60
positive_data\1705480024.2731988.jpg 1 611 203 67 58
positive_data\1705480028.0412612.jpg 2 422 353 76 60 724 474 65 62
positive_data\1705480031.6597102.jpg 1 520 212 82 55
positive_data\1705480035.2504907.jpg 1 500 223 73 62
positive_data\1705480039.1984954.jpg 1 563 261 73 57
positive_data\1705480043.2954998.jpg 2 376 440 76 51 319 391 79 64
positive_data\1705480047.1788073.jpg 2 401 249 72 65 754 350 72 72
positive_data\1705480051.4917903.jpg 2 587 170 70 67 479 308 74 63
positive_data\1705480055.2284267.jpg 2 744 268 66 66 771 405 77 61
positive_data\1705480059.9377577.jpg 1 530 184 67 61
positive_data\1705480063.9917755.jpg 2 464 220 68 66 518 424 63 58
positive_data\1705480067.8521185.jpg 1 473 205 71 58
positive_data\1705480072.003771.jpg 1 531 103 78 56
positive_data\1705480075.9813588.jpg 1 506 261 71 71
positive_data\1705480079.7965975.jpg 2 422 247 76 67 510 228 75 67
positive_data\1705480083.9589932.jpg 1 358 202 82 62
positive_data\1705480088.0326123.jpg 2 569 118 79 63 483 307 74 70
positive_data\1705480091.916779.jpg 2 499 251 69 63 657 286 66 69
positive_data\1705480095.7973285.jpg 1 500 143 67 59
positive_data\1705480099.3656015.jpg 1 649 237 72 69
positive_data\1705480103.2836192.jpg 2 449 181 82 66 594 609 73 56
positive_data\1705480107.1008003.jpg 1 606 174 72 64
positive_data\1705480110.7339938.jpg 2 704 183 75 67 708 264 70 65
positive_data\1705480114.667654.jpg 2 564 231 80 69 680 390 67 70
positive_data\1705480118.8837197.jpg 1 730 236 62 61
positive_data\1705480123.5356283.jpg 2 778 181 67 64 864 199 73 65
positive_data\1705480127.527304.jpg 1 518 240 68 54
positive_data\1705480138.3819227.jpg 1 772 273 65 59
positive_data\1705480144.367817.jpg 1 436 465 68 62
positive_data\1705480149.63094.jpg 2 511 131 69 60 771 298 76 67
positive_data\1705480154.7629302.jpg 2 693 175 78 61 961 336 69 69
positive_data\1705480160.6612022.jpg 2 248 144 68 61 512 309 72 70
positive_data\1705480167.956106.jpg 2 422 242 61 60 754 467 63 59
positive_data\1705480172.8304133.jpg 2 396 265 62 59 460 290 74 64
positive_data\1705480177.0472732.jpg 2 438 254 76 60 808 208 71 68
positive_data\1705480181.8925998.jpg 2 423 314 72 71 600 336 76 77
positive_data\1705480185.502419.jpg 1 764 194 68 66
positive_data\1705480189.4936883.jpg 2 514 206 64 59 784 302 71 66
positive_data\1705480193.4591932.jpg 1 518 239 68 57
positive_data\1705480197.322421.jpg 2 706 238 66 57 706 494 72 63
positive_data\1705480203.0711753.jpg 1 454 228 67 55
positive_data\1705480206.8218415.jpg 2 543 361 80 63 665 370 79 65
positive_data\1705480210.6911266.jpg 2 597 275 71 58 647 245 70 52
positive_data\1705480214.7996533.jpg 1 438 229 75 58
positive_data\1705480218.5190198.jpg 1 505 217 67 59
positive_data\1705480222.5076132.jpg 1 636 438 65 56
positive_data\1705480226.2117796.jpg 2 487 195 70 59 736 211 68 73
positive_data\1705480229.7253613.jpg 2 489 193 71 64 737 212 68 67
positive_data\1705480233.7808971.jpg 2 523 98 76 66 580 267 68 65
positive_data\1705480237.8481026.jpg 1 696 200 68 57
positive_data\1705480242.5694695.jpg 1 695 230 67 63
positive_data\1705480247.5489569.jpg 1 454 315 70 53
positive_data\1705480251.4430416.jpg 2 642 69 65 63 572 137 66 71
positive_data\1705480255.8415205.jpg 2 467 166 65 62 738 491 56 65
positive_data\1705480259.774868.jpg 1 516 274 64 57
positive_data\1705480262.9840336.jpg 2 755 112 65 64 820 160 70 63
positive_data\1705480264.2865624.jpg 2 760 116 62 58 830 167 62 58
positive_data\1705480268.1165926.jpg 2 549 105 64 60 440 471 68 61
positive_data\1705480273.2567425.jpg 1 489 240 66 58
positive_data\1705480277.0816412.jpg 2 469 237 67 67 717 294 68 64
positive_data\1705480281.7498536.jpg 2 821 327 67 69 628 471 66 65
positive_data\1705480286.0520005.jpg 2 639 195 73 67 534 349 71 69
positive_data\1705501648.7814276.jpg 2 702 174 71 58 496 206 67 75
positive_data\1705501656.0963316.jpg 1 567 382 77 50
positive_data\1705501660.3739462.jpg 2 658 252 72 61 812 264 76 63
positive_data\1705501665.0429537.jpg 2 371 97 76 60 418 183 85 63
positive_data\1705501669.4379957.jpg 1 606 195 69 59
positive_data\1705501674.12695.jpg 2 605 192 73 62 805 462 66 67
positive_data\1705501678.3773801.jpg 2 681 225 75 67 756 432 77 67
positive_data\1705501683.1984465.jpg 2 355 288 75 57 416 239 67 60
positive_data\1705501687.2887177.jpg 2 665 308 68 66 558 312 67 65
positive_data\1705501708.5064816.jpg 1 763 275 72 73
positive_data\1705501730.3440156.jpg 2 539 141 71 65 487 186 72 62
positive_data\1705501737.3364275.jpg 2 453 266 73 57 418 368 74 63
positive_data\1705501743.1748962.jpg 1 516 179 72 61
positive_data\1705501749.1706522.jpg 2 563 390 73 67 742 212 69 65
positive_data\1705501753.9446447.jpg 1 607 249 75 57
positive_data\1705501759.7503855.jpg 1 537 203 66 58
positive_data\1705501766.5254602.jpg 2 461 238 70 53 517 190 69 65
positive_data\1705501787.7541318.jpg 2 387 221 69 65 724 284 63 65
positive_data\1705501794.3147752.jpg 2 521 66 67 71 416 440 68 64
positive_data\1705501798.5845482.jpg 1 666 284 66 52
positive_data\1705501804.5021226.jpg 2 643 198 70 52 522 283 70 60
positive_data\1705501811.5603895.jpg 2 638 194 73 55 524 279 67 67
positive_data\1705501817.53865.jpg 2 593 224 69 58 596 402 65 64
positive_data\1705501829.7513437.jpg 2 582 360 80 66 638 330 74 62
positive_data\1705501867.0538187.jpg 2 454 168 58 63 724 344 75 63
positive_data\1705501893.9335227.jpg 2 920 218 75 53 831 293 70 70
positive_data\1705501913.346522.jpg 1 501 248 63 59
positive_data\1705502049.5587816.jpg 2 580 156 69 65 544 258 71 64
positive_data\1705502056.509629.jpg 1 480 284 64 65
positive_data\1705502072.364332.jpg 2 523 113 74 70 751 509 78 77
positive_data\1705502079.985606.jpg 2 403 384 77 62 457 339 80 62
positive_data\1705502087.3687606.jpg 1 469 248 70 54
positive_data\1705502094.089874.jpg 2 702 271 76 61 752 309 83 65
positive_data\1705502101.2083552.jpg 1 761 340 83 75
positive_data\1705502112.577662.jpg 2 639 403 80 67 782 300 73 65
positive_data\1705502119.358592.jpg 2 333 235 69 53 502 355 80 63
positive_data\1705502125.1832445.jpg 2 526 378 72 61 752 414 75 67
positive_data\1705502130.5019155.jpg 1 808 213 74 62
positive_data\1705502135.2103658.jpg 2 403 289 73 49 460 245 74 58
positive_data\1705502139.2262967.jpg 1 542 201 75 58
positive_data\1705502144.6989903.jpg 2 599 355 70 66 717 261 71 68
positive_data\1705502149.6287963.jpg 1 560 232 74 63
positive_data\1705502155.216509.jpg 1 465 308 77 57
positive_data\1705502160.3107088.jpg 1 724 180 80 68
positive_data\1705502297.7703805.jpg 2 535 303 78 55 441 345 74 53
positive_data\1705502302.437548.jpg 1 582 419 67 54
positive_data\1705502306.6090798.jpg 2 616 124 74 64 521 247 72 62
positive_data\1705502311.574875.jpg 2 479 309 76 59 572 288 77 70
positive_data\1705502316.63047.jpg 2 518 99 77 66 709 343 66 69
positive_data\1705502321.9408014.jpg 1 722 317 80 62
positive_data\1705502326.1755433.jpg 2 390 377 73 67 589 196 76 82
positive_data\1705502330.3279817.jpg 2 591 210 63 65 719 311 69 70
positive_data\1705502334.6728144.jpg 2 695 255 65 68 559 349 76 70
positive_data\1705502339.003059.jpg 2 539 241 70 65 518 388 77 71
positive_data\1705502343.0011868.jpg 1 531 247 69 59
positive_data\1705502346.8609598.jpg 1 467 261 72 61
positive_data\1705502351.8609378.jpg 2 577 217 67 59 649 462 69 52
positive_data\1705502356.1389804.jpg 1 550 236 68 71
positive_data\1705502360.1979034.jpg 2 678 394 71 64 769 325 75 63
positive_data\1705502364.3369892.jpg 1 733 216 74 65
positive_data\1705502368.2794986.jpg 2 477 431 66 76 542 381 76 68
positive_data\1705502372.3466475.jpg 2 410 357 73 80 815 251 73 76
positive_data\1705502376.9578466.jpg 1 489 242 65 63
positive_data\1705502381.8194115.jpg 2 480 193 78 61 427 231 80 64
positive_data\1705502385.4757533.jpg 1 483 200 90 64
positive_data\1705502389.2337015.jpg 2 550 290 76 71 660 373 75 66
positive_data\1705502392.9443612.jpg 1 615 74 80 63
positive_data\1705502397.1900492.jpg 2 526 251 65 78 574 372 74 79
positive_data\1705502400.8891082.jpg 2 523 204 65 71 571 168 78 67
positive_data\1705502406.2957828.jpg 1 672 357 83 53
positive_data\1705502410.6173847.jpg 1 494 198 75 62
positive_data\1705502414.5031033.jpg 2 723 307 73 52 593 395 80 61
positive_data\1705502418.8701746.jpg 2 496 235 78 72 474 421 78 63
positive_data\1705502422.8680837.jpg 2 430 237 79 59 485 189 84 67
positive_data\1705502427.1213834.jpg 2 509 283 73 71 641 135 71 67
positive_data\1705502433.5713828.jpg 2 569 399 82 65 532 200 86 79
positive_data\1705502437.162297.jpg 2 518 212 76 63 518 403 82 64
positive_data\1705502441.2791085.jpg 2 904 348 70 62 961 396 69 62
positive_data\1705502445.0054097.jpg 2 502 279 77 74 445 317 79 76
positive_data\1705502448.9750926.jpg 1 571 151 78 62
positive_data\1705502453.2036495.jpg 2 587 374 73 61 732 482 80 66
positive_data\1705502456.777372.jpg 1 652 153 70 64
positive_data\1705502460.992063.jpg 2 565 199 82 64 623 151 78 69
positive_data\1705502465.1405013.jpg 1 385 292 71 76
positive_data\1705502469.405392.jpg 2 664 249 74 61 551 243 76 61
positive_data\1705502473.4664292.jpg 1 624 345 74 66
positive_data\1705502477.4725218.jpg 1 514 259 77 66
positive_data\1705502481.531332.jpg 2 588 171 83 74 752 319 83 72
positive_data\1705502486.4366174.jpg 2 440 283 81 60 520 294 70 79
positive_data\1705502490.475719.jpg 2 789 282 71 62 660 450 73 66
positive_data\1705502496.6150255.jpg 2 575 185 81 62 731 431 65 67
positive_data\1705502500.7610393.jpg 2 730 401 74 65 786 359 78 63
positive_data\1705502504.7813604.jpg 1 492 306 71 67
positive_data\1705502509.696558.jpg 1 717 333 74 70
positive_data\1705502515.9305966.jpg 2 726 231 74 68 452 51 74 63
positive_data\1705502520.21195.jpg 2 745 295 73 74 800 353 73 57
positive_data\1705502524.4301143.jpg 1 471 253 69 65
positive_data\1705502528.750846.jpg 1 483 220 69 63
positive_data\1705502532.6689343.jpg 2 454 268 80 61 340 307 84 53
positive_data\1705502536.6051898.jpg 2 578 164 84 76 771 382 79 81
positive_data\1705502540.9742157.jpg 2 729 313 67 70 563 349 73 78
positive_data\1705502545.0425134.jpg 2 793 365 66 71 681 148 72 68
positive_data\1705502549.1765468.jpg 1 466 156 74 66
positive_data\1705502553.3857503.jpg 2 530 297 72 69 552 398 67 62
positive_data\1705502557.2333107.jpg 2 701 274 70 77 612 482 66 69
positive_data\1705502561.4168851.jpg 2 571 108 84 65 451 176 72 67
positive_data\1705508512.2722628.jpg 2 595 198 73 70 752 323 82 69
positive_data\1705508518.1907873.jpg 2 668 236 71 67 576 385 74 64
positive_data\1705508522.5033507.jpg 2 502 238 77 62 651 426 72 61
positive_data\1705508526.6548383.jpg 2 618 223 70 71 619 423 69 60
positive_data\1705508530.643375.jpg 2 434 139 78 72 302 373 79 70
positive_data\1705508535.5032735.jpg 1 777 198 77 68
positive_data\1705508539.8115633.jpg 2 440 349 81 57 494 295 89 72
positive_data\1705508543.918967.jpg 1 703 255 74 80
positive_data\1705508548.129382.jpg 1 652 301 71 69
positive_data\1705508552.2952342.jpg 1 716 201 75 64
positive_data\1705508556.410817.jpg 2 492 327 84 61 545 284 89 72
positive_data\1705508560.3880067.jpg 2 681 225 73 67 682 304 73 67
positive_data\1705508564.4833572.jpg 1 625 279 72 56
positive_data\1705508568.7262325.jpg 2 679 225 75 65 624 179 74 70
positive_data\1705508573.0697753.jpg 1 749 244 75 65
positive_data\1705508577.0130267.jpg 1 590 150 82 60
positive_data\1705508581.7041612.jpg 2 512 293 73 65 728 270 73 62
positive_data\1705508585.7193873.jpg 2 530 226 70 64 674 334 79 66
positive_data\1705508589.293152.jpg 2 560 226 66 69 480 340 76 58
positive_data\1705508593.3008547.jpg 1 503 190 75 73
positive_data\1705508613.6930723.jpg 2 630 97 63 80 673 64 81 68
positive_data\1705508617.462559.jpg 2 754 233 72 78 805 213 83 50
positive_data\1705508631.3667457.jpg 2 550 137 88 64 447 213 76 74
positive_data\1705508638.5787628.jpg 1 484 193 73 58
positive_data\1705508643.0348978.jpg 2 384 405 72 63 454 358 74 61
positive_data\1705508647.4981563.jpg 1 726 301 72 71
positive_data\1705508652.1811926.jpg 1 705 252 69 64
positive_data\1705508656.5763378.jpg 1 444 231 73 48
positive_data\1705508661.5394433.jpg 1 462 204 68 66
positive_data\1705508666.22528.jpg 1 565 189 72 64
positive_data\1705508670.1697192.jpg 2 542 147 82 62 748 354 76 61
positive_data\1705508674.061104.jpg 2 420 197 83 68 334 162 71 65
positive_data\1705508677.8028524.jpg 2 527 238 73 70 438 209 71 65
positive_data\1705508681.6351037.jpg 1 519 205 79 68
positive_data\1705508688.0149739.jpg 1 781 197 77 73
positive_data\1705508692.1514766.jpg 1 592 371 77 62
positive_data\1705508696.4032865.jpg 2 480 123 75 61 844 274 82 81
positive_data\1705508700.3848581.jpg 2 669 227 78 68 563 360 69 74
positive_data\1705508704.0284219.jpg 2 696 324 77 78 772 355 76 80
positive_data\1705508708.2891734.jpg 2 825 316 72 78 508 392 78 72
positive_data\1705508711.9010496.jpg 1 675 265 55 44
positive_data\1705508713.3384016.jpg 1 632 281 79 67
positive_data\1705508717.5154555.jpg 2 547 124 83 73 694 166 87 83
positive_data\1705508723.272356.jpg 2 386 249 84 64 561 345 69 69
positive_data\1705508726.4570043.jpg 2 625 82 79 74 483 322 74 73
positive_data\1705508730.0844235.jpg 2 478 230 80 81 648 484 74 48
positive_data\1705508735.8450754.jpg 2 537 367 72 72 693 379 85 66
positive_data\1705508740.2084277.jpg 1 482 267 65 69
positive_data\1705508743.612967.jpg 2 608 428 80 69 744 347 73 68
positive_data\1705508746.8119009.jpg 2 678 419 70 73 798 281 84 61
positive_data\1705508750.44469.jpg 1 526 240 73 56
positive_data\1705508753.7352421.jpg 1 515 316 77 58
positive_data\1705508756.801711.jpg 1 525 395 70 57
positive_data\1705508760.1645663.jpg 1 770 220 69 63
positive_data\1705508764.004613.jpg 2 525 243 77 74 542 148 77 72
positive_data\1705508768.2278879.jpg 2 536 273 76 72 792 302 74 69
positive_data\1705508772.736247.jpg 2 756 308 78 69 427 314 76 66
positive_data\1705508775.7525735.jpg 2 487 258 72 63 542 214 70 69
positive_data\1705508779.0658386.jpg 2 527 255 67 72 392 281 77 61
positive_data\1705508782.341418.jpg 2 450 243 76 67 320 335 81 75
positive_data\1705508787.2771938.jpg 2 662 155 78 63 847 147 75 75
positive_data\1705508791.4265742.jpg 2 455 211 81 69 784 303 76 80
positive_data\1705508799.2195246.jpg 1 928 441 75 72
positive_data\1705508820.1381145.jpg 2 625 351 81 64 688 305 67 72
positive_data\1705508823.7154245.jpg 2 625 168 74 71 804 303 79 68
positive_data\1705508827.0482445.jpg 1 609 249 77 71
positive_data\1705508830.0286365.jpg 1 673 238 69 70
positive_data\1705508832.9183877.jpg 2 567 223 68 59 674 216 69 65
positive_data\1705508836.8758285.jpg 1 503 105 70 62
positive_data\1705508839.975081.jpg 1 573 321 76 66
positive_data\1705508842.8708866.jpg 1 659 363 72 69
positive_data\1705508849.7835033.jpg 1 744 318 70 54
positive_data\1705508853.7616448.jpg 1 649 304 68 62
positive_data\1705508857.9427574.jpg 3 567 198 72 69 605 122 68 63 605 122 68 63
positive_data\1705508862.0289018.jpg 2 474 201 76 72 791 218 71 69
positive_data\1705508865.9004443.jpg 2 440 232 85 59 386 263 79 66
positive_data\1705508869.7914062.jpg 1 515 195 78 62
positive_data\1705508873.3374581.jpg 2 627 406 69 74 693 354 78 69
positive_data\1705508877.7034113.jpg 1 715 314 71 68
positive_data\1705508881.2414436.jpg 2 435 326 72 54 488 281 70 56
positive_data\1705508885.162949.jpg 2 532 211 67 59 586 245 68 72
positive_data\1705508889.5894454.jpg 1 512 203 71 67
positive_data\1705508894.9280572.jpg 2 570 205 76 70 813 277 75 64
positive_data\1705508899.0934422.jpg 1 756 287 68 57
positive_data\1705508904.6977472.jpg 2 517 273 68 63 667 347 69 76
positive_data\1705508908.728794.jpg 2 454 212 78 62 516 260 69 58
positive_data\1705508911.7550397.jpg 2 622 159 80 59 682 305 75 62
positive_data\1705508915.5030086.jpg 2 801 267 71 63 731 507 62 61
positive_data\1705508919.2365558.jpg 1 663 108 66 60
positive_data\1705508923.2882402.jpg 1 717 301 78 67
positive_data\1705508927.1927881.jpg 2 576 198 73 63 541 351 67 71
positive_data\1705508931.3659825.jpg 2 887 335 74 75 445 334 85 65
positive_data\1705508935.49317.jpg 2 520 222 72 68 393 236 72 69
positive_data\1705508939.3907874.jpg 1 564 324 79 70
positive_data\1705508943.2613904.jpg 1 447 293 72 59
positive_data\1705508948.6480136.jpg 2 669 421 67 68 776 339 77 73
positive_data\1705508952.6803727.jpg 2 529 57 79 78 501 527 67 66
positive_data\1705508958.6870954.jpg 2 586 356 69 63 638 448 73 72
positive_data\1705508962.3254046.jpg 2 611 183 69 66 347 307 80 49
positive_data\1705508965.7115364.jpg 1 558 260 67 58
positive_data\1705508969.0794413.jpg 2 557 174 74 61 683 187 61 66
positive_data\1705508974.183449.jpg 1 487 213 70 60
positive_data\1705508977.6741056.jpg 2 459 240 77 70 619 256 79 62
positive_data\1705508981.9873388.jpg 1 559 352 84 62
positive_data\1705508986.0961347.jpg 2 734 219 65 82 474 224 63 74
positive_data\1705508990.280804.jpg 1 443 248 71 65
positive_data\1705508994.264292.jpg 2 760 412 66 65 686 471 66 66
positive_data\1705508998.1685786.jpg 1 428 306 63 58
positive_data\1705509002.1543527.jpg 1 496 355 70 60
positive_data\1705509005.814409.jpg 1 510 232 66 58
positive_data\1705509009.4153497.jpg 2 415 388 72 68 670 228 75 63
positive_data\1705509013.0780356.jpg 2 465 146 71 62 736 345 79 69
positive_data\1705509017.3421853.jpg 1 686 176 76 56
positive_data\1705509020.7028637.jpg 2 356 293 70 56 514 301 72 68
positive_data\1705509023.9598446.jpg 2 513 355 71 69 626 139 66 65
positive_data\1705509027.1168854.jpg 2 636 277 72 61 760 342 76 62
positive_data\1705509030.4530606.jpg 2 699 285 64 65 654 115 80 75
positive_data\1705509033.749447.jpg 2 792 359 72 74 579 509 63 55
positive_data\1705509037.3647685.jpg 2 462 137 80 55 597 215 72 77
positive_data\1705509044.7190728.jpg 1 520 210 71 64
positive_data\1705509054.0321984.jpg 1 523 203 69 73
positive_data\1705509057.9230452.jpg 1 642 373 74 64
positive_data\1705509095.5849357.jpg 1 605 352 72 63
positive_data\1705509110.1225407.jpg 2 454 186 81 65 619 451 74 63
positive_data\1705509114.3275084.jpg 2 564 230 78 65 528 395 77 63
positive_data\1705509122.0058506.jpg 1 609 405 76 67
positive_data\1705509125.4127772.jpg 1 743 409 69 71
positive_data\1705509128.9907491.jpg 2 672 228 76 66 881 385 87 73
positive_data\1705509133.737564.jpg 2 450 122 82 67 508 158 77 69
positive_data\1705509137.2156.jpg 2 468 252 79 63 690 225 75 66
positive_data\1705509140.6033874.jpg 1 500 228 75 56
positive_data\1705509144.2630625.jpg 1 554 344 73 66
positive_data\1705509147.5002637.jpg 2 621 174 72 74 567 328 74 65
positive_data\1705509150.916865.jpg 1 689 294 72 72
positive_data\1705509153.858561.jpg 1 921 275 68 73
positive_data\1705509157.0797722.jpg 1 499 211 81 68
positive_data\1705509160.157443.jpg 1 739 280 75 60
positive_data\1705509167.8905632.jpg 1 518 232 67 64
positive_data\1705509171.8733778.jpg 2 558 181 64 60 605 406 73 68
positive_data\1705509175.3133464.jpg 2 506 59 86 66 757 422 67 81
positive_data\1705509178.9600286.jpg 1 556 215 66 66
positive_data\1705509182.6701145.jpg 1 453 286 66 65
positive_data\1705509189.9631221.jpg 2 781 217 70 66 730 261 70 58
positive_data\1705509192.8711557.jpg 1 675 198 75 56
positive_data\1705509200.1172945.jpg 1 556 214 73 54
positive_data\1705509202.9819083.jpg 2 406 244 85 61 352 284 75 59
positive_data\1705509210.0729444.jpg 1 497 154 74 59
positive_data\1705509213.0561311.jpg 1 679 304 75 72
positive_data\1705509220.3677697.jpg 2 557 328 73 68 673 329 64 68
positive_data\1705509223.6594741.jpg 2 511 185 70 73 520 58 86 78
positive_data\1705509226.517614.jpg 2 362 354 78 72 505 411 81 71
positive_data\1705509235.4895046.jpg 2 680 237 76 64 736 278 74 63
positive_data\1705509241.629187.jpg 2 710 222 71 60 759 256 81 70
positive_data\1705509244.7974057.jpg 2 802 274 80 67 672 429 79 61
positive_data\1705509251.8635688.jpg 1 526 206 72 62
positive_data\1705509256.3906226.jpg 2 464 65 80 72 495 474 98 66
positive_data\1705509260.192564.jpg 2 710 176 74 62 415 194 82 75
positive_data\1705509267.8000767.jpg 2 705 353 74 61 560 341 69 72
positive_data\1705509271.1432824.jpg 2 551 125 76 68 693 178 79 72
positive_data\1705509274.7666812.jpg 2 511 174 77 62 564 140 83 59
positive_data\1705509278.3645246.jpg 1 586 364 76 72
positive_data\1705509281.5845506.jpg 1 506 299 79 69
positive_data\1705509288.6635692.jpg 1 521 201 75 71
positive_data\1705509291.9228222.jpg 1 570 207 79 66
positive_data\1705509295.0148406.jpg 2 512 202 73 77 416 273 79 69
positive_data\1705509302.0233486.jpg 1 444 324 80 56
positive_data\1705509304.9222152.jpg 2 441 203 74 67 787 276 77 62
positive_data\1705509311.9515.jpg 2 467 212 83 68 762 325 76 68
positive_data\1705509314.967034.jpg 1 561 322 84 62
positive_data\1705509317.977269.jpg 2 499 267 67 60 455 320 73 59
positive_data\1705509321.1104457.jpg 2 830 217 77 64 907 264 72 73
positive_data\1705509328.0642858.jpg 1 607 364 69 57
positive_data\1705509330.8534205.jpg 1 683 191 64 57
positive_data\1705509337.794515.jpg 1 518 206 78 61
