positive\vlcsnap-2024-03-01-02h18m12s692.png 6 532 262 40 42 448 234 35 30 555 175 20 21 581 175 19 27 601 183 22 25 635 181 24 29
positive\vlcsnap-2024-03-01-02h19m17s732.png 4 434 410 55 91 595 404 72 74 527 197 23 24 553 583 120 133
positive\vlcsnap-2024-03-01-02h19m30s673.png 7 434 332 46 83 465 261 32 44 510 283 34 42 567 254 23 40 564 323 41 55 555 559 88 123 649 376 63 77
positive\vlcsnap-2024-03-01-02h19m31s269.png 6 458 280 30 53 427 384 58 97 510 321 39 51 566 284 32 33 576 368 53 64 694 443 89 104
positive\vlcsnap-2024-03-01-02h19m31s379.png 6 451 289 37 55 426 404 60 114 509 328 40 56 569 281 28 42 577 387 61 72 715 482 107 106
positive\vlcsnap-2024-03-01-02h19m31s478.png 6 452 295 39 53 422 418 68 117 511 341 41 52 564 288 38 46 588 399 56 70 732 500 107 121
positive\vlcsnap-2024-03-01-02h19m31s591.png 6 446 301 44 57 437 433 51 118 502 346 48 61 572 292 29 46 582 401 64 85 739 511 100 129
positive\vlcsnap-2024-03-01-02h19m31s671.png 6 446 315 40 47 426 442 70 152 518 368 43 48 566 297 41 57 599 425 64 85 771 530 121 156
positive\vlcsnap-2024-03-01-02h19m31s737.png 6 433 313 55 55 427 470 66 138 512 373 51 58 572 297 35 59 592 443 86 75 781 565 147 153
positive\vlcsnap-2024-03-01-02h19m31s804.png 6 447 320 31 50 567 306 36 57 510 377 54 64 419 482 85 152 609 454 71 76 793 591 159 123
positive\vlcsnap-2024-03-01-02h19m31s924.png 7 439 318 45 58 566 316 47 44 521 387 48 63 423 496 76 154 606 464 79 89 685 553 130 56 815 609 149 109
positive\vlcsnap-2024-03-01-02h19m32s002.png 5 416 532 85 171 443 333 45 52 565 323 53 49 509 404 58 69 617 483 92 95
positive\vlcsnap-2024-03-01-02h19m32s068.png 5 440 343 48 47 566 329 55 50 515 415 63 69 415 550 102 165 621 506 90 87
positive\vlcsnap-2024-03-01-02h19m32s134.png 5 446 348 34 47 567 329 56 58 512 422 71 81 626 520 94 93 420 569 92 146
positive\vlcsnap-2024-03-01-02h19m32s257.png 5 422 600 97 118 436 351 56 62 569 341 56 53 523 433 63 85 640 538 95 107
positive\vlcsnap-2024-03-01-02h19m32s339.png 5 434 362 53 60 580 345 50 65 516 459 84 98 418 647 115 71 650 566 121 125
positive\vlcsnap-2024-03-01-02h19m32s440.png 4 428 377 62 56 583 351 50 70 533 477 77 103 660 588 149 129
positive\vlcsnap-2024-03-01-02h19m32s594.png 4 430 387 57 62 583 364 59 67 531 496 88 126 686 622 122 96
positive\vlcsnap-2024-03-01-02h19m32s666.png 3 429 391 59 86 594 382 60 69 538 529 102 138
positive\vlcsnap-2024-03-01-02h19m32s733.png 4 434 409 57 71 595 399 69 63 539 560 117 137 593 196 27 29
positive\vlcsnap-2024-03-01-02h19m32s802.png 3 426 412 66 90 601 394 46 69 538 574 129 140
positive\vlcsnap-2024-03-01-02h19m32s921.png 3 423 424 65 89 607 412 64 69 554 603 112 110
positive\vlcsnap-2024-03-01-02h19m33s003.png 4 591 201 17 22 527 202 18 22 424 429 65 102 607 424 75 89
positive\vlcsnap-2024-03-01-02h19m33s102.png 3 430 452 65 103 612 440 86 91 519 206 29 14
positive\vlcsnap-2024-03-01-02h19m33s170.png 3 421 460 83 114 612 458 88 85 588 203 20 23
positive\vlcsnap-2024-03-01-02h19m33s260.png 4 514 205 28 24 583 201 27 28 428 477 70 99 623 472 89 81
positive\vlcsnap-2024-03-01-02h19m33s335.png 4 434 496 69 126 638 482 97 107 517 207 19 25 582 210 32 18
positive\vlcsnap-2024-03-01-02h19m33s404.png 4 509 206 24 24 581 205 19 23 418 509 90 139 646 501 102 105
positive\vlcsnap-2024-03-01-02h19m33s466.png 4 513 211 27 27 581 209 24 24 419 539 88 125 650 524 108 102
positive\vlcsnap-2024-03-01-02h19m33s588.png 4 504 205 31 33 581 204 26 32 420 533 95 154 659 542 116 108
positive\vlcsnap-2024-03-01-02h19m33s672.png 4 495 210 41 31 583 213 20 25 426 585 101 129 673 580 140 116
positive\vlcsnap-2024-03-01-02h19m33s773.png 4 501 215 34 26 579 215 24 25 420 620 98 91 711 606 115 105
positive\vlcsnap-2024-03-01-02h19m33s926.png 3 493 221 41 25 580 212 18 35 724 634 114 78
positive\vlcsnap-2024-03-01-02h19m34s002.png 2 489 215 33 35 577 218 26 27
positive\vlcsnap-2024-03-01-02h19m34s066.png 2 495 218 25 27 573 220 27 20
positive\vlcsnap-2024-03-01-02h19m34s132.png 2 496 221 22 31 572 221 26 28
positive\vlcsnap-2024-03-01-02h19m34s253.png 2 485 225 37 26 574 226 27 21
positive\vlcsnap-2024-03-01-02h19m34s335.png 2 490 230 23 33 569 222 31 31
positive\vlcsnap-2024-03-01-02h19m34s400.png 2 484 230 24 29 572 222 23 35
positive\vlcsnap-2024-03-01-02h19m34s465.png 2 487 235 30 25 570 222 27 34
positive\vlcsnap-2024-03-01-02h19m34s586.png 2 487 237 29 24 571 228 29 33
positive\vlcsnap-2024-03-01-02h19m34s666.png 2 478 241 39 29 563 235 42 24
positive\vlcsnap-2024-03-01-02h19m34s735.png 2 479 243 38 24 565 237 40 28
positive\vlcsnap-2024-03-01-02h19m34s800.png 2 477 242 41 28 563 236 38 30
positive\vlcsnap-2024-03-01-02h19m34s919.png 2 475 247 44 38 566 241 32 28
positive\vlcsnap-2024-03-01-02h19m35s006.png 2 474 256 28 25 567 242 28 31
positive\vlcsnap-2024-03-01-02h19m35s104.png 2 475 256 30 31 560 247 37 33
positive\vlcsnap-2024-03-01-02h19m35s263.png 2 473 259 25 32 568 257 31 27
positive\vlcsnap-2024-03-01-02h19m35s333.png 3 475 260 24 38 557 255 44 33 538 183 31 24
positive\vlcsnap-2024-03-01-02h19m35s399.png 2 466 265 35 41 565 259 42 37
positive\vlcsnap-2024-03-01-02h19m35s465.png 2 465 268 38 43 562 261 38 37
positive\vlcsnap-2024-03-01-02h19m35s589.png 4 590 205 24 25 567 260 33 45 464 269 37 45 528 186 36 37
positive\vlcsnap-2024-03-01-02h19m35s668.png 4 533 184 20 36 589 211 17 18 568 263 29 44 458 273 39 47
positive\vlcsnap-2024-03-01-02h19m35s732.png 4 460 281 39 47 564 276 44 33 527 187 29 41 584 210 25 23
positive\vlcsnap-2024-03-01-02h19m35s842.png 4 531 197 23 24 577 214 34 23 457 289 37 40 569 276 27 36
positive\vlcsnap-2024-03-01-02h19m35s921.png 3 582 215 20 23 452 294 47 38 561 274 46 46
positive\vlcsnap-2024-03-01-02h19m36s001.png 4 456 298 41 45 561 288 46 41 522 191 32 38 578 215 34 25
positive\vlcsnap-2024-03-01-02h19m36s067.png 4 512 197 44 23 452 300 42 53 562 287 42 40 587 216 14 27
positive\vlcsnap-2024-03-01-02h19m36s132.png 4 451 307 47 49 562 287 49 54 521 199 29 31 579 222 30 20
positive\vlcsnap-2024-03-01-02h19m36s260.png 4 514 199 36 29 567 217 48 24 454 312 36 49 565 294 38 42
positive\vlcsnap-2024-03-01-02h19m36s334.png 4 509 194 34 37 445 318 52 53 565 300 43 47 580 220 21 33
positive\vlcsnap-2024-03-01-02h19m36s399.png 4 515 195 29 39 572 221 40 39 443 327 57 50 566 309 52 50
positive\vlcsnap-2024-03-01-02h19m36s466.png 4 446 328 48 64 569 303 49 64 515 196 25 45 574 226 32 31
positive\vlcsnap-2024-03-01-02h19m36s585.png 4 506 200 35 36 578 229 27 26 442 332 48 66 566 317 37 53
positive\vlcsnap-2024-03-01-02h19m36s664.png 4 508 197 32 50 574 234 33 26 432 348 67 65 556 321 73 58
positive\vlcsnap-2024-03-01-02h19m36s734.png 4 504 199 31 44 576 229 28 35 436 356 58 65 570 326 59 61
positive\vlcsnap-2024-03-01-02h19m36s797.png 4 498 205 43 32 573 234 34 37 438 359 57 74 578 332 47 57
positive\vlcsnap-2024-03-01-02h19m36s923.png 4 493 204 46 46 574 237 27 34 442 371 56 68 573 344 54 56
positive\vlcsnap-2024-03-01-02h19m37s000.png 4 496 211 39 39 569 239 38 34 435 385 73 80 584 352 51 57
positive\vlcsnap-2024-03-01-02h19m37s066.png 4 497 210 32 47 570 243 40 36 438 392 53 80 585 366 51 56
positive\vlcsnap-2024-03-01-02h19m37s134.png 4 495 213 36 44 440 408 63 85 581 373 63 62 568 249 41 28
positive\vlcsnap-2024-03-01-02h19m37s258.png 4 489 215 35 43 569 248 39 37 443 415 56 82 583 375 69 65
positive\vlcsnap-2024-03-01-02h19m37s335.png 4 490 217 31 37 568 252 37 39 435 439 66 87 590 392 76 68
positive\vlcsnap-2024-03-01-02h19m37s396.png 4 488 218 34 46 573 251 32 45 443 449 54 99 598 399 58 72
positive\vlcsnap-2024-03-01-02h19m37s464.png 5 609 207 38 35 487 225 37 31 576 260 21 34 434 454 62 98 596 405 67 72
positive\vlcsnap-2024-03-01-02h19m37s588.png 5 484 227 45 33 563 268 40 31 618 207 23 42 426 477 74 90 588 415 82 81
positive\vlcsnap-2024-03-01-02h19m37s666.png 5 479 231 39 36 570 267 36 36 429 508 77 104 616 438 72 78 618 214 20 32
positive\vlcsnap-2024-03-01-02h19m37s729.png 5 488 234 25 39 573 270 39 33 615 220 20 27 613 447 82 81 433 526 73 105
positive\vlcsnap-2024-03-01-02h19m37s846.png 5 483 238 31 42 573 269 37 44 607 222 32 26 620 461 74 95 437 554 75 121
positive\vlcsnap-2024-03-01-02h19m37s937.png 4 481 240 37 39 576 269 32 55 611 229 31 19 616 248 26 215
positive\vlcsnap-2024-03-01-02h19m38s041.png 5 643 512 87 90 434 620 103 89 479 246 30 39 581 288 26 41 607 228 38 27
positive\vlcsnap-2024-03-01-02h19m38s137.png 5 474 243 39 51 612 232 24 23 581 287 30 41 652 526 94 115 448 651 81 63
positive\vlcsnap-2024-03-01-02h19m38s270.png 5 610 222 31 43 582 289 25 51 477 249 39 42 662 543 97 120 611 188 26 23
positive\vlcsnap-2024-03-01-02h19m38s372.png 4 465 256 52 48 612 224 31 42 581 302 38 41 681 591 109 107
positive\vlcsnap-2024-03-01-02h19m38s473.png 4 467 261 46 41 612 236 31 37 608 195 17 19 587 309 32 45
positive\vlcsnap-2024-03-01-02h19m38s599.png 5 603 195 25 21 615 246 21 29 469 264 36 44 580 315 50 47 717 661 92 53
positive\vlcsnap-2024-03-01-02h19m38s662.png 3 460 272 51 49 582 320 52 60 611 242 36 38
positive\vlcsnap-2024-03-01-02h19m38s767.png 4 468 279 33 48 609 256 34 29 588 330 49 56 593 198 29 26
positive\vlcsnap-2024-03-01-02h19m38s930.png 4 593 200 20 23 614 260 30 29 454 284 74 45 594 338 44 53
positive\vlcsnap-2024-03-01-02h19m38s996.png 4 592 203 29 30 612 262 38 40 595 355 52 51 465 289 36 54
positive\vlcsnap-2024-03-01-02h19m39s098.png 4 457 301 48 49 603 352 58 70 617 270 29 32 589 208 22 20
positive\vlcsnap-2024-03-01-02h19m39s167.png 4 591 208 23 27 611 270 41 34 597 365 60 69 454 303 58 56
positive\vlcsnap-2024-03-01-02h19m39s261.png 4 587 211 24 29 616 277 39 30 603 364 57 73 462 303 47 65
positive\vlcsnap-2024-03-01-02h19m39s337.png 5 460 304 49 80 611 281 45 39 614 385 48 65 579 215 31 28 530 185 24 32
positive\vlcsnap-2024-03-01-02h19m39s440.png 5 521 185 31 32 449 314 47 74 612 404 66 65 618 292 44 32 583 215 31 32
positive\vlcsnap-2024-03-01-02h19m39s595.png 5 525 192 20 21 579 222 22 17 622 290 36 42 461 327 39 66 616 411 60 73
positive\vlcsnap-2024-03-01-02h19m39s663.png 5 440 336 65 74 630 430 66 77 626 295 41 49 576 214 32 43 514 195 28 25
positive\vlcsnap-2024-03-01-02h19m39s731.png 5 512 191 32 30 565 224 43 32 620 306 53 46 442 345 59 73 630 444 78 73
positive\vlcsnap-2024-03-01-02h19m39s835.png 5 515 195 23 31 577 228 32 37 629 311 43 45 443 353 63 83 632 456 81 90
positive\vlcsnap-2024-03-01-02h19m39s928.png 3 514 200 21 21 574 232 25 27 442 355 75 89
positive\vlcsnap-2024-03-01-02h19m39s998.png 5 621 316 61 63 435 375 71 80 655 483 85 96 571 227 28 42 506 199 29 27
positive\vlcsnap-2024-03-01-02h19m40s103.png 5 504 200 30 31 574 235 28 36 626 340 65 51 444 395 68 81 664 510 93 100
positive\vlcsnap-2024-03-01-02h19m40s275.png 5 502 204 24 38 569 248 35 25 634 346 68 56 442 403 73 94 673 520 113 127
positive\vlcsnap-2024-03-01-02h19m40s373.png 5 490 204 37 42 565 254 40 28 656 364 53 48 431 426 80 105 705 577 113 129
positive\vlcsnap-2024-03-01-02h19m40s466.png 5 494 209 29 34 559 253 53 41 659 376 57 62 428 448 94 112 715 598 119 117
positive\vlcsnap-2024-03-01-02h19m40s601.png 5 496 211 21 45 566 257 41 38 659 389 77 65 430 458 88 111 738 631 112 86
positive\vlcsnap-2024-03-01-02h19m40s700.png 4 491 219 29 30 570 268 29 44 671 403 77 83 423 495 103 135
positive\vlcsnap-2024-03-01-02h19m40s802.png 4 478 227 41 23 562 272 45 47 422 515 110 160 695 424 69 73
positive\vlcsnap-2024-03-01-02h19m40s942.png 4 478 218 36 43 569 278 47 47 426 530 101 168 689 444 86 60
positive\vlcsnap-2024-03-01-02h19m41s036.png 4 476 237 34 34 569 292 43 44 429 580 109 120 710 471 98 82
positive\vlcsnap-2024-03-01-02h19m41s143.png 5 465 235 48 36 564 302 54 44 722 486 103 105 434 620 107 93 568 182 20 21
positive\vlcsnap-2024-03-01-02h19m41s267.png 5 564 183 25 16 475 238 32 46 571 310 50 66 739 503 107 106 443 639 91 60
positive\vlcsnap-2024-03-01-02h19m41s372.png 4 479 238 22 43 578 315 51 65 766 550 118 123 564 187 24 22
positive\vlcsnap-2024-03-01-02h19m41s469.png 4 553 185 33 24 466 258 31 27 581 338 46 61 822 601 96 100
positive\vlcsnap-2024-03-01-02h19m41s597.png 4 472 255 24 44 559 189 27 33 583 341 44 54 803 607 141 98
positive\vlcsnap-2024-03-01-02h19m41s663.png 3 555 186 24 31 461 260 42 38 581 348 68 85
positive\vlcsnap-2024-03-01-02h19m41s770.png 2 459 263 31 46 598 375 54 65
positive\vlcsnap-2024-03-01-02h19m41s927.png 3 458 272 28 38 598 385 61 80 547 198 29 18
positive\vlcsnap-2024-03-01-02h19m41s997.png 3 545 197 23 19 455 280 32 46 610 406 71 98
positive\vlcsnap-2024-03-01-02h19m42s066.png 3 548 201 20 20 452 288 30 38 625 429 68 87
positive\vlcsnap-2024-03-01-02h19m42s133.png 3 544 205 28 17 450 292 33 44 620 437 76 93
positive\vlcsnap-2024-03-01-02h19m42s255.png 3 541 201 24 28 448 294 40 50 635 459 68 94
positive\vlcsnap-2024-03-01-02h19m42s332.png 3 442 309 38 50 538 202 28 32 634 485 112 107
positive\vlcsnap-2024-03-01-02h19m42s400.png 3 534 203 32 32 439 317 58 47 655 520 99 97
positive\vlcsnap-2024-03-01-02h19m42s474.png 4 538 211 23 22 435 320 52 39 586 199 24 33 645 509 116 104
positive\vlcsnap-2024-03-01-02h19m42s596.png 4 537 211 26 23 585 198 22 27 446 328 40 53 666 558 136 132
positive\vlcsnap-2024-03-01-02h19m42s664.png 4 528 220 31 26 584 209 21 28 431 346 53 58 711 617 98 82
positive\vlcsnap-2024-03-01-02h19m42s765.png 4 528 217 32 29 424 360 67 60 577 209 29 33 726 654 111 65
positive\vlcsnap-2024-03-01-02h19m42s934.png 3 527 225 28 24 427 370 62 73 582 218 28 31
positive\vlcsnap-2024-03-01-02h19m43s033.png 3 526 225 21 30 584 219 19 26 430 402 48 65
positive\vlcsnap-2024-03-01-02h19m43s137.png 3 524 230 31 23 573 220 29 25 422 410 72 80
positive\vlcsnap-2024-03-01-02h19m43s278.png 4 524 228 30 37 422 420 62 95 578 220 25 29 592 178 20 29
positive\vlcsnap-2024-03-01-02h19m43s372.png 3 523 231 24 50 574 228 27 30 429 449 53 109
positive\vlcsnap-2024-03-01-02h19m43s466.png 3 510 244 39 32 572 231 30 30 427 486 61 90
positive\vlcsnap-2024-03-01-02h19m43s610.png 3 518 250 31 36 570 230 32 33 421 493 66 110
positive\vlcsnap-2024-03-01-02h19m43s708.png 3 508 251 41 36 570 236 33 37 404 554 122 123
positive\vlcsnap-2024-03-01-02h19m43s799.png 4 577 243 23 40 517 264 42 38 421 595 81 115 588 189 17 34
positive\vlcsnap-2024-03-01-02h19m43s937.png 4 576 191 34 35 571 248 32 32 512 262 38 41 420 610 100 102
positive\vlcsnap-2024-03-01-02h19m44s035.png 3 577 195 29 44 572 256 32 32 511 277 36 37
positive\vlcsnap-2024-03-01-02h19m44s132.png 4 505 283 43 41 568 261 42 31 583 197 20 38 557 196 18 20
positive\vlcsnap-2024-03-01-02h19m44s274.png 4 548 191 24 26 573 193 30 39 567 255 43 43 511 290 36 37
positive\vlcsnap-2024-03-01-02h19m44s370.png 4 543 200 32 28 572 205 30 35 568 267 40 38 506 299 34 41
positive\vlcsnap-2024-03-01-02h19m44s466.png 4 550 204 25 21 573 209 31 37 567 266 41 42 511 308 31 45
positive\vlcsnap-2024-03-01-02h19m44s598.png 4 543 199 22 26 571 209 28 36 575 274 32 46 498 325 58 37
positive\vlcsnap-2024-03-01-02h19m44s700.png 4 543 205 24 31 568 215 34 43 571 285 41 39 501 330 52 52
positive\vlcsnap-2024-03-01-02h19m44s810.png 4 545 208 21 28 570 216 27 47 575 287 34 48 505 346 55 48
positive\vlcsnap-2024-03-01-02h19m44s940.png 4 531 205 37 35 567 222 37 34 576 291 37 53 503 348 54 54
positive\vlcsnap-2024-03-01-02h19m45s044.png 4 530 213 33 22 563 220 40 50 572 309 47 47 503 365 52 65
positive\vlcsnap-2024-03-01-02h19m45s140.png 4 523 212 36 38 562 227 37 41 568 321 57 39 510 372 54 75
positive\vlcsnap-2024-03-01-02h19m45s263.png 1 581 324 38 50
